4631588045031658|06|2024|856
4631588045005322|06|2024|443
4631588045058362|06|2024|686
4631588045020586|06|2024|144
4631588045005751|06|2024|023
4631588045023564|06|2024|016
4631588045047563|06|2024|175
4631588045005744|06|2024|513
4631588045033308|06|2024|521
4631588045077438|06|2024|758
4631588045026161|06|2024|144
4631588045002386|06|2024|731
4631588045063784|06|2024|778
4631588045027474|06|2024|501
4631588045083006|06|2024|572
4631588045077610|06|2024|760
4631588045028647|06|2024|814
4631588045066548|06|2024|110
4631588045008037|06|2024|076
4631588045057745|06|2024|842
4631588045035543|06|2024|053
4631588045004374|06|2024|750
4631588045041152|06|2024|367
4631588045077057|06|2024|036
4631588045006650|06|2024|728
4631588045070482|06|2024|418
4631588045002287|06|2024|046
4631588045008151|06|2024|601
4631588045005637|06|2024|018
4631588045021857|06|2024|351
4631588045012344|06|2024|627
4631588045088567|06|2024|635
4631588045024216|06|2024|425
4631588045033787|06|2024|150
4631588045074823|06|2024|370
4631588045088427|06|2024|341
4631588045075762|06|2024|834
4631588045040238|06|2024|346
4631588045076042|06|2024|135
4631588045050435|06|2024|244
4631588045065573|06|2024|131
4631588045000117|06|2024|536
4631588045067850|06|2024|267
4631588045032318|06|2024|173
4631588045064725|06|2024|752
4631588045008730|06|2024|516
4631588045002022|06|2024|761
4631588045087122|06|2024|806
4631588045018101|06|2024|228
4631588045044784|06|2024|080